[
    {
        "main/loss": 2.4649837017059326,
        "main/accuracy": 0.18168558180332184,
        "validation/main/loss": 2.0990381240844727,
        "epoch": 1,
        "elapsed_time": 217.109917116999,
        "iteration": 391,
        "validation/main/accuracy": 0.2350672483444214
    },
    {
        "main/loss": 1.9273635149002075,
        "main/accuracy": 0.241628035902977,
        "validation/main/loss": 2.4889492988586426,
        "epoch": 2,
        "elapsed_time": 434.33019641699866,
        "iteration": 782,
        "validation/main/accuracy": 0.17751187086105347
    }
]